0 62 108 110 160
1 99 146 183 197
2 28 43 51 129
3 26 41 75 96
4 21 120 157 198
5 15 57 90 195
6 9 52 68 188
7 7 66 149 180
8 8 47 100 134
9 17 59 101 140
10 106 127 148 151
11 14 56 115 165
12 38 58 130 138
13 1 18 42 133
14 6 48 63 111
15 25 118 175 176
16 27 31 124 147
17 77 87 172 196
18 0 114 158 193
19 19 40 71 163
20 13 67 131 192
21 44 50 107 168
22 11 54 69 144
23 94 109 137 177
24 37 122 126 132
25 49 80 84 93
26 60 74 89 190
27 24 102 143 154
28 34 61 105 191
29 22 167 170 186
30 2 20 119 128
31 53 98 152 162
32 135 155 179 194
33 73 95 103 117
34 91 150 164 199
35 88 123 171 187
36 3 85 92 173
37 10 70 136 189
38 5 12 45 156
39 32 86 139 178
40 39 46 65 159
41 30 116 153 174
42 81 125 141 166
43 23 33 79 142
44 36 55 78 182
45 76 104 113 169
46 72 83 112 181
47 4 16 145 185
48 35 82 97 184
49 29 64 121 161
nodes: 165   cpu: 0.22180504
